# # TCV-phi : P(k) et transfert fuzzy pour PAPER I
# # colonnes : k[h/Mpc]   P_cdm(k)   P_eff(k)   T2(k)=P_eff/P_cdm
# # Paramètres TCV : {'H0': 67.4, 'ombh2': 0.0224, 'omch2': 0.12, 'As': 2.1e-09, 'ns': 0.964, 'r': 0.0, 'tau': 0.054, 'YHe': 0.245}
# # Fuzzy : kJ=5.0 h/Mpc, n=4, f_coh=1.0
# 
1.000000000000000048e-04 5.919176293521859407e+02 5.919176293521859407e+02 1.000000000000000000e+00
1.028355091999003849e-04 6.080845965604468120e+02 6.080845965604468120e+02 1.000000000000000000e+00
1.057514195240278601e-04 6.246928640922219529e+02 6.246928640922219529e+02 1.000000000000000000e+00
1.087500107536569310e-04 6.417544539018471141e+02 6.417544539018471141e+02 1.000000000000000000e+00
1.118336273134694109e-04 6.592817143348687523e+02 6.592817143348687523e+02 1.000000000000000000e+00
1.150046801045251452e-04 6.772873289464665731e+02 6.772873289464665731e+02 1.000000000000000000e+00
1.182656483892048421e-04 6.957843255565637719e+02 6.957843255565637719e+02 1.000000000000000000e+00
1.216190817296025937e-04 7.147860855480203099e+02 7.147860855480203099e+02 1.000000000000000000e+00
1.250676019808797225e-04 7.343063525191794270e+02 7.343063525191794270e+02 1.000000000000000000e+00
1.286139053411423558e-04 7.543592360154646030e+02 7.543592360154646030e+02 1.000000000000000000e+00
1.322607644594416150e-04 7.749592245158547712e+02 7.749592245158547712e+02 1.000000000000000000e+00
1.360110306035475377e-04 7.961211985393822488e+02 7.961211985393822488e+02 1.000000000000000000e+00
1.398676358891904595e-04 8.178604411882378145e+02 8.178604411882378145e+02 1.000000000000000000e+00
1.438335955725114775e-04 8.401926489562699771e+02 8.401926489562699771e+02 1.000000000000000000e+00
1.479120104075175562e-04 8.631339428247421210e+02 8.631339428247421210e+02 1.000000000000000000e+00
1.521060690703801902e-04 8.867008796528353969e+02 8.867008796528353969e+02 1.000000000000000000e+00
1.564190506524776357e-04 9.109104632731344964e+02 9.109104632731344964e+02 1.000000000000000000e+00
1.608543272241253342e-04 9.357801462818500795e+02 9.357801462818500795e+02 1.000000000000000000e+00
1.654153664710032842e-04 9.613278425281256432e+02 9.613278425281256432e+02 1.000000000000000000e+00
1.701057344053373370e-04 9.875719477436199440e+02 9.875719477436199440e+02 1.000000000000000000e+00
1.749290981539588022e-04 1.014531352642445313e+03 1.014531352642445313e+03 1.000000000000000000e+00
1.798892288254170819e-04 1.042225456079647984e+03 1.042225456079647984e+03 1.000000000000000000e+00
1.849900044583914493e-04 1.070674178553812453e+03 1.070674178553812453e+03 1.000000000000000000e+00
1.902354130537052773e-04 1.099897976062545013e+03 1.099897976062545013e+03 1.000000000000000000e+00
1.956295556923113731e-04 1.129917854111723955e+03 1.129917854111723955e+03 1.000000000000000000e+00
2.011766497416911273e-04 1.160755368992122385e+03 1.160755368992122385e+03 1.000000000000000000e+00
2.068810321531679456e-04 1.192432632877032802e+03 1.192432632877032802e+03 1.000000000000000000e+00
2.127471628527198902e-04 1.224972346600450237e+03 1.224972346600450237e+03 1.000000000000000000e+00
2.187796282279356021e-04 1.258397816914272880e+03 1.258397816914272880e+03 1.000000000000000000e+00
2.249831447138465619e-04 1.292732972359443693e+03 1.292732972359443693e+03 1.000000000000000000e+00
2.313625624804326584e-04 1.328002379542000199e+03 1.328002379542000199e+03 1.000000000000000000e+00
2.379228692246906007e-04 1.364231259824055314e+03 1.364231259824055314e+03 1.000000000000000000e+00
2.446691940702236888e-04 1.401445506431085505e+03 1.401445506431085505e+03 1.000000000000000000e+00
2.516068115774067085e-04 1.439671686645322325e+03 1.439671686645322325e+03 1.000000000000000000e+00
2.587411458672601600e-04 1.478937025374160612e+03 1.478937025374160612e+03 1.000000000000000000e+00
2.660777748622537137e-04 1.519269456975714547e+03 1.519269456975714547e+03 1.000000000000000000e+00
2.736224346473631352e-04 1.560697652067243780e+03 1.560697652067243780e+03 1.000000000000000000e+00
2.813810239547802523e-04 1.603251036356478153e+03 1.603251036356478153e+03 1.000000000000000000e+00
2.893596087757919762e-04 1.646959809933968927e+03 1.646959809933968927e+03 1.000000000000000000e+00
2.975644271034250002e-04 1.691854967036928883e+03 1.691854967036928883e+03 1.000000000000000000e+00
3.060018938095734734e-04 1.737968316295495697e+03 1.737968316295495697e+03 1.000000000000000000e+00
3.146786056604133539e-04 1.785332491850653696e+03 1.785332491850653696e+03 1.000000000000000000e+00
3.236013464740323197e-04 1.833980921985927580e+03 1.833980921985927580e+03 1.000000000000000000e+00
3.327770924243050009e-04 1.883947881312371464e+03 1.883947881312371464e+03 1.000000000000000000e+00
3.422130174951568647e-04 1.935268533884838234e+03 1.935268533884838234e+03 1.000000000000000000e+00
3.519164990894887274e-04 1.987978955342000063e+03 1.987978955342000063e+03 1.000000000000000000e+00
3.618951237971381667e-04 2.042116155515129776e+03 2.042116155515129776e+03 1.000000000000000000e+00
3.721566933263969514e-04 2.097718101560644754e+03 2.097718101560644754e+03 1.000000000000000000e+00
3.827092306037115934e-04 2.154823741627259096e+03 2.154823741627259096e+03 1.000000000000000000e+00
3.935609860463478099e-04 2.213473018473815500e+03 2.213473018473815500e+03 1.000000000000000000e+00
4.047204440129107089e-04 2.273706753654178101e+03 2.273706753654178101e+03 1.000000000000000000e+00
4.161963294367740547e-04 2.335566694238424134e+03 2.335566694238424134e+03 1.000000000000000000e+00
4.279976146476014809e-04 2.399095634964104647e+03 2.399095634964104647e+03 1.000000000000000000e+00
4.401335263862879606e-04 2.464337445002595814e+03 2.464337445002595814e+03 1.000000000000000000e+00
4.526135530188171935e-04 2.531337092875356575e+03 2.531337092875356575e+03 1.000000000000000000e+00
4.654474519546612679e-04 2.600140671871586619e+03 2.600140671871586619e+03 1.000000000000000000e+00
4.786452572755376072e-04 2.670795425974663885e+03 2.670795425974663885e+03 1.000000000000000000e+00
4.922172875804718944e-04 2.743349777914492734e+03 2.743349777914492734e+03 1.000000000000000000e+00
5.061741540533162961e-04 2.817853424685132268e+03 2.817853424685132268e+03 1.000000000000000000e+00
5.205267687590160773e-04 2.894357399587344389e+03 2.894357399587344389e+03 1.000000000000000000e+00
5.352863531751215782e-04 2.972914021418634547e+03 2.972914021418634547e+03 1.000000000000000000e+00
5.504644469652128546e-04 3.053576918039285374e+03 3.053576918039285374e+03 1.000000000000000000e+00
5.660729170010922852e-04 3.136401056875744416e+03 3.136401056875744416e+03 1.000000000000000000e+00
5.821239666408027039e-04 3.221442776054430851e+03 3.221442776054430851e+03 1.000000000000000000e+00
5.986301452697270807e-04 3.308759816176332151e+03 3.308759816176332151e+03 1.000000000000000000e+00
6.156043581122273281e-04 3.398411351404455218e+03 3.398411351404455218e+03 1.000000000000000000e+00
6.330598763214865653e-04 3.490457418066806895e+03 3.490457418066806895e+03 1.000000000000000000e+00
6.510103473554603023e-04 3.584957892757846366e+03 3.584957892757846366e+03 1.000000000000000000e+00
6.694698056470278335e-04 3.681973686271646784e+03 3.681973686271646784e+03 1.000000000000000000e+00
6.884526835767039096e-04 3.781566993721791277e+03 3.781566993721791277e+03 1.000000000000000000e+00
7.079738227564816300e-04 3.883801311611477558e+03 3.883801311611477558e+03 1.000000000000000000e+00
7.280484856336281660e-04 3.988741454681083269e+03 3.988741454681083269e+03 1.000000000000000000e+00
7.486923674235051616e-04 4.096453572506872661e+03 4.096453572506872661e+03 1.000000000000000000e+00
7.699216083807498747e-04 4.207005165823723473e+03 4.207005165823723473e+03 1.000000000000000000e+00
7.917528064184070451e-04 4.320465386541130101e+03 4.320465386541130101e+03 1.000000000000000000e+00
8.142030300848695969e-04 4.436906304205829656e+03 4.436906304205829656e+03 1.000000000000000000e+00
8.372898319087937642e-04 4.556402077739830020e+03 4.556402077739830020e+03 1.000000000000000000e+00
8.610312621223981718e-04 4.679028540229643113e+03 4.679028540229643113e+03 1.000000000000000000e+00
8.854458827738961955e-04 4.804863230022669086e+03 4.804863230022669086e+03 1.000000000000000000e+00
9.105527822400883700e-04 4.933985422387298058e+03 4.933985422387298058e+03 1.000000000000000000e+00
9.363715901504549499e-04 5.066476161514653541e+03 5.066476161514653541e+03 1.000000000000000000e+00
9.629224927344246128e-04 5.202418292856191329e+03 5.202418292856191329e+03 1.000000000000000000e+00
9.902262486038183875e-04 5.341896375667193752e+03 5.341896375667193752e+03 1.000000000000000000e+00
1.018304204982807028e-03 5.484995459100840890e+03 5.484995459100840890e+03 1.000000000000000000e+00
1.047178314398066997e-03 5.631801461983216541e+03 5.631801461983216541e+03 1.000000000000000000e+00
1.076871151842186038e-03 5.782401960291895193e+03 5.782401960291895193e+03 1.000000000000000000e+00
1.107405932423744443e-03 5.936886216256093576e+03 5.936886216256093576e+03 1.000000000000000000e+00
1.138806529517861219e-03 6.095345194837107556e+03 6.095345194837107556e+03 1.000000000000000000e+00
1.171097493431405394e-03 6.257871579657517032e+03 6.257871579657517032e+03 1.000000000000000000e+00
1.204304070597455624e-03 6.424559788339612169e+03 6.424559788339612169e+03 1.000000000000000000e+00
1.238452223314021267e-03 6.595505943156658759e+03 6.595505943156658759e+03 1.000000000000000000e+00
1.273568650042460060e-03 6.770806559548776022e+03 6.770806559548776022e+03 1.000000000000000000e+00
1.309680806281459699e-03 6.950558163197559224e+03 6.950558163197559224e+03 1.000000000000000000e+00
1.346816926032900130e-03 7.134858645560175319e+03 7.134858645560175319e+03 1.000000000000000000e+00
1.385006043876378483e-03 7.323807337171001564e+03 7.323807337171001564e+03 1.000000000000000000e+00
1.424278017669669723e-03 7.517504996281201784e+03 7.517504996281201784e+03 1.000000000000000000e+00
1.464663551892850593e-03 7.716053795631960384e+03 7.716053795631960384e+03 1.000000000000000000e+00
1.506194221654358475e-03 7.919557307286973810e+03 7.919557307286973810e+03 1.000000000000000000e+00
1.548902497377735790e-03 8.128120481114329777e+03 8.128120481114329777e+03 1.000000000000000000e+00
1.592821770188368501e-03 8.341848799002813394e+03 8.341848799002813394e+03 1.000000000000000000e+00
1.637986378020074140e-03 8.560847148980081329e+03 8.560847148980081329e+03 1.000000000000000000e+00
1.684431632461946653e-03 8.785221201801092320e+03 8.785221201801092320e+03 1.000000000000000000e+00
1.732193846366437582e-03 9.015077589696684299e+03 9.015077589696684299e+03 1.000000000000000000e+00
1.781310362240266136e-03 9.250523858206257501e+03 9.250523858206257501e+03 1.000000000000000000e+00
1.831819581440367797e-03 9.491668414748939540e+03 9.491668414748939540e+03 1.000000000000000000e+00
1.883760994197684197e-03 9.738620473839400802e+03 9.738620473839400802e+03 1.000000000000000000e+00
1.937175210492292615e-03 9.991489998855975500e+03 9.991489998855975500e+03 1.000000000000000000e+00
1.992103991803991208e-03 1.025038689406621597e+04 1.025038689406621597e+04 1.000000000000000000e+00
2.048590283763176458e-03 1.051541830893026236e+04 1.051541830893026236e+04 1.000000000000000000e+00
2.106678249727544482e-03 1.078669061165972016e+04 1.078669061165972016e+04 1.000000000000000000e+00
2.166413305310867145e-03 1.106431010938329564e+04 1.106431010938329564e+04 1.000000000000000000e+00
2.227842153890822671e-03 1.134838294036705156e+04 1.134838294036705156e+04 1.000000000000000000e+00
2.291012823123655864e-03 1.163901496120785851e+04 1.163901496120785851e+04 1.000000000000000000e+00
2.355974702494222344e-03 1.193631162893202054e+04 1.193631162893202054e+04 1.000000000000000000e+00
2.422778581930771797e-03 1.224037787792335075e+04 1.224037787792335075e+04 1.000000000000000000e+00
2.491476691514632729e-03 1.255131747146502858e+04 1.255131747146502858e+04 1.000000000000000000e+00
2.562122742315903635e-03 1.286922853548582316e+04 1.286922853548582316e+04 1.000000000000000000e+00
2.634771968387011366e-03 1.319420512748188776e+04 1.319420512748188776e+04 1.000000000000000000e+00
2.709481169947018826e-03 1.352633938020141068e+04 1.352633938020141068e+04 1.000000000000000000e+00
2.786308757790432328e-03 1.386572132880525896e+04 1.386572132880525896e+04 1.000000000000000000e+00
2.865314798955210032e-03 1.421243870941014575e+04 1.421243870941014575e+04 1.000000000000000000e+00
2.946561063685692455e-03 1.456657675103818292e+04 1.456657675103818292e+04 1.000000000000000000e+00
3.030111073727179572e-03 1.492821796101090695e+04 1.492821796101090695e+04 1.000000000000000000e+00
3.116030151989911210e-03 1.529744168012314185e+04 1.529744168012314185e+04 1.000000000000000000e+00
3.204385473621254761e-03 1.567431890307835965e+04 1.567431890307835965e+04 1.000000000000000000e+00
3.295246118526056964e-03 1.605891147785108478e+04 1.605891147785108478e+04 1.000000000000000000e+00
3.388683125376223699e-03 1.645127631585716881e+04 1.645127631585716881e+04 1.000000000000000000e+00
3.484769547151734918e-03 1.685146529799804557e+04 1.685146529799804557e+04 1.000000000000000000e+00
3.583580508256546063e-03 1.725952496812787649e+04 1.725952496812787649e+04 1.000000000000000000e+00
3.685193263253997396e-03 1.767549622017049478e+04 1.767549622017049478e+04 1.000000000000000000e+00
3.789687257267673661e-03 1.809941397921822136e+04 1.809941397921822136e+04 1.000000000000000000e+00
3.897144188094947125e-03 1.853130680727173603e+04 1.853130680727173603e+04 1.000000000000000000e+00
4.007648070081758912e-03 1.897118947836474035e+04 1.897118947836474035e+04 1.000000000000000000e+00
4.121285299808557026e-03 1.941905564372534354e+04 1.941905564372534354e+04 1.000000000000000000e+00
4.238144723638770546e-03 1.987488819505461288e+04 1.987488819505461288e+04 1.000000000000000000e+00
4.358317707182641013e-03 2.033866018103835813e+04 2.033866018103835813e+04 1.000000000000000000e+00
4.481898206730687909e-03 2.081033437024048180e+04 2.081033437024048180e+04 1.000000000000000000e+00
4.608982842712701887e-03 2.128986281231092289e+04 2.128986281231092289e+04 1.000000000000000000e+00
4.739670975239651703e-03 2.177718639856583104e+04 2.177718639856583104e+04 1.000000000000000000e+00
4.874064781787579986e-03 2.227223442288281876e+04 2.227223442288281876e+04 1.000000000000000000e+00
5.012269337084266502e-03 2.277491922549551600e+04 2.277491922549551600e+04 1.000000000000000000e+00
5.154392695261071633e-03 2.328512210141550895e+04 2.328512210141550895e+04 1.000000000000000000e+00
5.300545974334192577e-03 2.380270520015966395e+04 2.380270520015966395e+04 1.000000000000000000e+00
5.450843443081388774e-03 2.432751483815324900e+04 2.432751483815324900e+04 1.000000000000000000e+00
5.605402610382128302e-03 2.485938100007193862e+04 2.485938100007193862e+04 1.000000000000000000e+00
5.764344317090963968e-03 2.539811685306107756e+04 2.539811685306107756e+04 1.000000000000000000e+00
5.927792830516006965e-03 2.594351827608495296e+04 2.594351827608495296e+04 1.000000000000000000e+00
6.095875941576324453e-03 2.649536340674758685e+04 2.649536340674758685e+04 1.000000000000000000e+00
6.268725064714235004e-03 2.705340732643145020e+04 2.705340732643145020e+04 1.000000000000000000e+00
6.446475340640662501e-03 2.761734923319484005e+04 2.761734923319484005e+04 1.000000000000000000e+00
6.629265741993831465e-03 2.818684899331788256e+04 2.818684899331788256e+04 1.000000000000000000e+00
6.817239181993910505e-03 2.876154214283161491e+04 2.876154214283161491e+04 1.000000000000000000e+00
7.010542626178561942e-03 2.934103953655905934e+04 2.934103953655905934e+04 1.000000000000000000e+00
7.209327207306793009e-03 2.992492697129659064e+04 2.992492697129659064e+04 1.000000000000000000e+00
7.413748343520890939e-03 3.051276486305563230e+04 3.051276486305563230e+04 1.000000000000000000e+00
7.623965859858881054e-03 3.110408798292500069e+04 3.110408798292500069e+04 1.000000000000000000e+00
7.840144113212444907e-03 3.169840257696305343e+04 3.169840257696305343e+04 1.000000000000000000e+00
8.062452120828031074e-03 3.229514149301090947e+04 3.229514149301090947e+04 1.000000000000000000e+00
8.291063692451665010e-03 3.289366718355295598e+04 3.289366718355295598e+04 1.000000000000000000e+00
8.526157566220724307e-03 3.349330808749757125e+04 3.349330808749757125e+04 1.000000000000000000e+00
8.767917548408915573e-03 3.409335993099430925e+04 3.409335993099430925e+04 1.000000000000000000e+00
9.016532657133731823e-03 3.469308594400480797e+04 3.469308594400480797e+04 1.000000000000000000e+00
9.272197270138771846e-03 3.529171720898079366e+04 3.529171720898079366e+04 1.000000000000000000e+00
9.535111276766469746e-03 3.588845314856839104e+04 3.588845314856839104e+04 1.000000000000000000e+00
9.805480234239910553e-03 3.648246125641507388e+04 3.648246125641507388e+04 1.000000000000000000e+00
1.008351552837619819e-02 3.707282203577346809e+04 3.707282203577346809e+04 1.000000000000000000e+00
1.036943453885667832e-02 3.765849280839466519e+04 3.765849280839466519e+04 1.000000000000000000e+00
1.066346080918360861e-02 3.823838558904840465e+04 3.823838558904840465e+04 1.000000000000000000e+00
1.096582422145578155e-02 3.881137615821809595e+04 3.881137615821809595e+04 1.000000000000000000e+00
1.127676117610005267e-02 3.937630588761858962e+04 3.937630588761858962e+04 1.000000000000000000e+00
1.159651477669916553e-02 3.993198383465762163e+04 3.993198383465762163e+04 1.000000000000000000e+00
1.192533502006026640e-02 4.047718911207642668e+04 4.047718911207642668e+04 1.000000000000000000e+00
1.226347899167301754e-02 4.101067351038462220e+04 4.101067351038462220e+04 1.000000000000000000e+00
1.261121106670974427e-02 4.153112127793787658e+04 4.153112127793787658e+04 1.000000000000000000e+00
1.296880311672515482e-02 4.203706128723725851e+04 4.203706128723725851e+04 1.000000000000000000e+00
1.333653472221685114e-02 4.252697150205352955e+04 4.252697150205352955e+04 1.000000000000000000e+00
1.371469339121321809e-02 4.299930753941620060e+04 4.299930753941620060e+04 1.000000000000000000e+00
1.410357478405918456e-02 4.345250769933473202e+04 4.345250769933473202e+04 1.000000000000000000e+00
1.450348294457601446e-02 4.388499840482833679e+04 4.388499840482833679e+04 1.000000000000000000e+00
1.491473053777545021e-02 4.429520004303044698e+04 4.429520004303044698e+04 1.000000000000000000e+00
1.533763909431441058e-02 4.468153319411767734e+04 4.468153319411767734e+04 1.000000000000000000e+00
1.577253926188121325e-02 4.504240707259234478e+04 4.504240707259234478e+04 1.000000000000000000e+00
1.621977106370973976e-02 4.537613184696422832e+04 4.537613184696422832e+04 1.000000000000000000e+00
1.667968416442400931e-02 4.568099241604314011e+04 4.568099241604314011e+04 1.000000000000000000e+00
1.715263814342056492e-02 4.595529857369215460e+04 4.595529857369215460e+04 1.000000000000000000e+00
1.763900277600287739e-02 4.619739417259598849e+04 4.619739417259598849e+04 1.000000000000000000e+00
1.813915832248710197e-02 4.640566653753632272e+04 4.640566653753632272e+04 1.000000000000000000e+00
1.865349582550572191e-02 4.657855615536632831e+04 4.657855615536632831e+04 1.000000000000000000e+00
1.918241741574096965e-02 4.671456658275626251e+04 4.671456658275626251e+04 1.000000000000000000e+00
1.972633662632758064e-02 4.681228392273851932e+04 4.681228392273851932e+04 1.000000000000000000e+00
2.028567871617041954e-02 4.687050615501615539e+04 4.687050615501615539e+04 1.000000000000000000e+00
2.086088100242964455e-02 4.688821779996799887e+04 4.688821779996799887e+04 1.000000000000000000e+00
2.145239320243380945e-02 4.686450766409449716e+04 4.686450766409449716e+04 1.000000000000000000e+00
2.206067778528760306e-02 4.679857453666539368e+04 4.679857453666539368e+04 1.000000000000000000e+00
2.268621033344981122e-02 4.668973461768868583e+04 4.668973461768868583e+04 1.000000000000000000e+00
2.332947991456350845e-02 4.653742854646280466e+04 4.653742854646280466e+04 1.000000000000000000e+00
2.399098946382987110e-02 4.634122795950080763e+04 4.634122795950080763e+04 1.000000000000000000e+00
2.467125617722389780e-02 4.610085529935541854e+04 4.610085529935541854e+04 1.000000000000000000e+00
2.537081191586005105e-02 4.581674456128896418e+04 4.581674456128896418e+04 1.000000000000000000e+00
2.609020362182368560e-02 4.549021634249987983e+04 4.549021634249987983e+04 1.000000000000000000e+00
2.682999374579321181e-02 4.512274792200705997e+04 4.512274792200705997e+04 1.000000000000000000e+00
2.759076068678787547e-02 4.471591007701274793e+04 4.471591007701274793e+04 1.000000000000000000e+00
2.837309924438421657e-02 4.427135748477245943e+04 4.427135748477245943e+04 1.000000000000000000e+00
2.917762108375559701e-02 4.379081900456796575e+04 4.379081900456796575e+04 1.000000000000000000e+00
3.000495521389753145e-02 4.327608790959695762e+04 4.327608790959695762e+04 1.000000000000000000e+00
3.085574847941358750e-02 4.272901466129077016e+04 4.272901466129077016e+04 1.000000000000000000e+00
3.173066606624545122e-02 4.215224315494931216e+04 4.215224315494931216e+04 1.000000000000000000e+00
3.263039202174351089e-02 4.155017811669850926e+04 4.155017811669850926e+04 1.000000000000000000e+00
3.355562978948360697e-02 4.092735177263122750e+04 4.092735177263122750e+04 1.000000000000000000e+00
3.450710275924889769e-02 4.028813124333704036e+04 4.028813124333704036e+04 1.000000000000000000e+00
3.548555483260647930e-02 3.963670055297260842e+04 3.963670055297260842e+04 1.000000000000000000e+00
3.649175100452069220e-02 3.897704682593471807e+04 3.897704682593471807e+04 1.000000000000000000e+00
3.752647796145862358e-02 3.831295043378468108e+04 3.831295043378468108e+04 1.000000000000000000e+00
3.859054469645432917e-02 3.764799654533035937e+04 3.764799654533035937e+04 1.000000000000000000e+00
3.968478314161396486e-02 3.698604553749285697e+04 3.698604553749285697e+04 1.000000000000000000e+00
4.081004881855490596e-02 3.633124579260525206e+04 3.633124579260525206e+04 1.000000000000000000e+00
4.196722150728886963e-02 3.568748811932677199e+04 3.568748811932677199e+04 1.000000000000000000e+00
4.315720593407061656e-02 3.505838565852003376e+04 3.505838565852003376e+04 1.000000000000000000e+00
4.438093247875109920e-02 3.444728731663022336e+04 3.444728731663022336e+04 1.000000000000000000e+00
4.563935790218766331e-02 3.385680911096776254e+04 3.385680911096776254e+04 1.000000000000000000e+00
4.693346609427961197e-02 3.328789615008901455e+04 3.328789615008901455e+04 1.000000000000000000e+00
4.826426884321503852e-02 3.274113483092141178e+04 3.274113483092141178e+04 1.000000000000000000e+00
4.963280662652901076e-02 3.221693778421786556e+04 3.221693778421786556e+04 1.000000000000000000e+00
5.104014942459300652e-02 3.171410290691182672e+04 3.171410290691181945e+04 9.999999999999997780e-01
5.248739755717019007e-02 3.123039631480238677e+04 3.123039631480237949e+04 9.999999999999997780e-01
5.397568254369203983e-02 3.076310423738256213e+04 3.076310423738255486e+04 9.999999999999997780e-01
5.550616798792740170e-02 3.030743330062366294e+04 3.030743330062365567e+04 9.999999999999997780e-01
5.708005048773724666e-02 2.985816727386064304e+04 2.985816727386063576e+04 9.999999999999997780e-01
5.869856057062482202e-02 2.940928366872129482e+04 2.940928366872128026e+04 9.999999999999995559e-01
6.036296365581392959e-02 2.895438795316901087e+04 2.895438795316899632e+04 9.999999999999995559e-01
6.207456104360705579e-02 2.848600413307935742e+04 2.848600413307933923e+04 9.999999999999993339e-01
6.383469093279625639e-02 2.799655363392211075e+04 2.799655363392209256e+04 9.999999999999993339e-01
6.564472946692366528e-02 2.747877332620378365e+04 2.747877332620375819e+04 9.999999999999991118e-01
6.750609181020793270e-02 2.692642926651295420e+04 2.692642926651292510e+04 9.999999999999988898e-01
6.942023325397958522e-02 2.633454791180831307e+04 2.633454791180827669e+04 9.999999999999986677e-01
7.138865035448840879e-02 2.569958636685237070e+04 2.569958636685232341e+04 9.999999999999982236e-01
7.341288210297465533e-02 2.502028464837237698e+04 2.502028464837232241e+04 9.999999999999977796e-01
7.549451112891651661e-02 2.429802626854119808e+04 2.429802626854113259e+04 9.999999999999973355e-01
7.763516493739669455e-02 2.353689909166716825e+04 2.353689909166708821e+04 9.999999999999966693e-01
7.983651718155440613e-02 2.274433667142496051e+04 2.274433667142486593e+04 9.999999999999957812e-01
8.210028897111736057e-02 2.193042509649578278e+04 2.193042509649566637e+04 9.999999999999946709e-01
8.442825021803819496e-02 2.110722854625171749e+04 2.110722854625157561e+04 9.999999999999933387e-01
8.682222102028548660e-02 2.028884065583233678e+04 2.028884065583216943e+04 9.999999999999917843e-01
8.928407308487353033e-02 1.949011944838209092e+04 1.949011944838188720e+04 9.999999999999895639e-01
9.181573119124081250e-02 1.872546678342729865e+04 1.872546678342705854e+04 9.999999999999871214e-01
9.441917469612425007e-02 1.800781252029937968e+04 1.800781252029908865e+04 9.999999999999837907e-01
9.709643908110278387e-02 1.734761423341419140e+04 1.734761423341384216e+04 9.999999999999797939e-01
9.984961754402311984e-02 1.675158118974343597e+04 1.675158118974301033e+04 9.999999999999746869e-01
1.026808626355492499e-01 1.622199140873599026e+04 1.622199140873547913e+04 9.999999999999684697e-01
1.055923879421172135e-01 1.575606339040327293e+04 1.575606339040265084e+04 9.999999999999604761e-01
1.085864698166104508e-01 1.534562272758744075e+04 1.534562272758668041e+04 9.999999999999504841e-01
1.116654491581073883e-01 1.497749324340239946e+04 1.497749324340147177e+04 9.999999999999380496e-01
1.148317332420956127e-01 1.463456417700741440e+04 1.463456417700628117e+04 9.999999999999225064e-01
1.180877976025801884e-01 1.429686160001755525e+04 1.429686160001617100e+04 9.999999999999031886e-01
1.214361879675610878e-01 1.394411905670343913e+04 1.394411905670175111e+04 9.999999999998789857e-01
1.248795222493894880e-01 1.355842417739084703e+04 1.355842417738879340e+04 9.999999999998485656e-01
1.284204925915625739e-01 1.312706355888503822e+04 1.312706355888255166e+04 9.999999999998105960e-01
1.320618674735537235e-01 1.264503568035369244e+04 1.264503568035069657e+04 9.999999999997630784e-01
1.358064938753264506e-01 1.211662366493475020e+04 1.211662366493116133e+04 9.999999999997037925e-01
1.396572995032235032e-01 1.155575012752800103e+04 1.155575012752372095e+04 9.999999999996296296e-01
1.436172950789696978e-01 1.098366225892069451e+04 1.098366225891560498e+04 9.999999999995365929e-01
1.476895766935819587e-01 1.042543330816982598e+04 1.042543330816378329e+04 9.999999999994204636e-01
1.518773282280222459e-01 9.905673912341810137e+03 9.905673912334630586e+03 9.999999999992752464e-01
1.561838238424907432e-01 9.443707775201452023e+03 9.443707775192891859e+03 9.999999999990936139e-01
1.606124305363006155e-01 9.049964022252683208e+03 9.049964022242424107e+03 9.999999999988664623e-01
1.651666107803410333e-01 8.723964149881705453e+03 8.723964149869336325e+03 9.999999999985822452e-01
1.698499252241812696e-01 8.451843189201203131e+03 8.451843189186216478e+03 9.999999999982267518e-01
1.746660354799366710e-01 8.210492845089454931e+03 8.210492845071245029e+03 9.999999999977822185e-01
1.796187069850715412e-01 7.972925022558812088e+03 7.972925022536698634e+03 9.999999999972264408e-01
1.847118119463751762e-01 7.713917903103047138e+03 7.713917903076287985e+03 9.999999999965309971e-01
1.899493323674173451e-01 7.416357899601987810e+03 7.416357899569811707e+03 9.999999999956614705e-01
1.953353631618446329e-01 7.077106917131894079e+03 7.077106917093493394e+03 9.999999999945738960e-01
2.008741153549575553e-01 6.709231420884762883e+03 6.709231420839231760e+03 9.999999999932136507e-01
2.065699193760656971e-01 6.337549178295505953e+03 6.337549178241716618e+03 9.999999999915125670e-01
2.124272284442008385e-01 5.989744819308635670e+03 5.989744819245053804e+03 9.999999999893849356e-01
2.184506220498293461e-01 5.687409247514334311e+03 5.687409247438828061e+03 9.999999999867239531e-01
2.246448095352918672e-01 5.439089949381841507e+03 5.439089949291531411e+03 9.999999999833961706e-01
2.310146337767637892e-01 5.236895482761563471e+03 5.236895482652813371e+03 9.999999999792339445e-01
2.375650749706198495e-01 5.058575877891275923e+03 5.058575877759896684e+03 9.999999999740283307e-01
2.443012545271620317e-01 4.876789436975166609e+03 4.876789436816757188e+03 9.999999999675177609e-01
2.512284390747515084e-01 4.671409595569057274e+03 4.671409595379283019e+03 9.999999999593753852e-01
2.583520445774822316e-01 4.438086238122157738e+03 4.438086237896665807e+03 9.999999999491915315e-01
2.656776405696071874e-01 4.190431389975963612e+03 4.190431389709683572e+03 9.999999999364552750e-01
2.732109545100366854e-01 3.952391602000927833e+03 3.952391601686815648e+03 9.999999999205260170e-01
2.809578762603041624e-01 3.744704724148399691e+03 3.744704723776189894e+03 9.999999999006037310e-01
2.889244626895098311e-01 3.573861067916616321e+03 3.573861067472341347e+03 9.999999998756876618e-01
2.971169424098336620e-01 3.429276555174168152e+03 3.429276554641002804e+03 9.999999998445254779e-01
3.055417206463268975e-01 3.289956031359703047e+03 3.289956030719976752e+03 9.999999998055517647e-01
3.142053842447874445e-01 3.138557995336536351e+03 3.138557994573264295e+03 9.999999997568080889e-01
3.231147068216304041e-01 2.972211289308230789e+03 2.972211288404219886e+03 9.999999996958457427e-01
3.322766540597889007e-01 2.803280599596060256e+03 2.803280598529696817e+03 9.999999996196016205e-01
3.416983891547750729e-01 2.649610556976496810e+03 2.649610555715931241e+03 9.999999995242450090e-01
3.513872784151701456e-01 2.519268986235050306e+03 2.519268984736046605e+03 9.999999994049846297e-01
3.613508970219114769e-01 2.405635643285524566e+03 2.405635641495318851e+03 9.999999992558283868e-01
3.715970349508903592e-01 2.294549088696036506e+03 2.294549086560459727e+03 9.999999990692824969e-01
3.821337030634795462e-01 2.176476467442922058e+03 2.176476464909446804e+03 9.999999988359740133e-01
3.929691393697645196e-01 2.054690123485204367e+03 2.054690120493946324e+03 9.999999985441805350e-01
4.041118154693635334e-01 1.940846718390324213e+03 1.940846714856511198e+03 9.999999981792415671e-01
4.155704431748813987e-01 1.841147328606748260e+03 1.841147324414125933e+03 9.999999977228208881e-01
4.273539813231719831e-01 1.751487701693495410e+03 1.751487696705235294e+03 9.999999971519868414e-01
4.394716427797306646e-01 1.662603884263198097e+03 1.662603878341099744e+03 9.999999964380581474e-01
4.519329016417032441e-01 1.571369039687701843e+03 1.571369032687511890e+03 9.999999955451648326e-01
4.647475006451300406e-01 1.483564996741678897e+03 1.483564988475913879e+03 9.999999944284443387e-01
4.779254587822298062e-01 1.404054992888508423e+03 1.404054983104757184e+03 9.999999930317891028e-01
4.914770791346655954e-01 1.331470325290696337e+03 1.331470313686966847e+03 9.999999912850258132e-01
5.054129569289307344e-01 1.260499219753181023e+03 1.260499206014231959e+03 9.999999891003906738e-01
5.197439878201390862e-01 1.190183907891398121e+03 1.190183891666954196e+03 9.999999863681201528e-01
5.344813764107078091e-01 1.124336658558860108e+03 1.124336639389970969e+03 9.999999829509346183e-01
5.496366450105876211e-01 1.063029626816988184e+03 1.063029604150159457e+03 9.999999786771429644e-01
5.652216426458860354e-01 1.005082152466750017e+03 1.005082125663233228e+03 9.999999733320139583e-01
5.812485543229382046e-01 9.494994606173355578e+02 9.494994289486704702e+02 9.999999666469898685e-01
5.977299105550525349e-01 8.961407176118910911e+02 8.961406802304477424e+02 9.999999582861902603e-01
6.146785971593974329e-01 8.457327838979582566e+02 8.457327397756890832e+02 9.999999478295390487e-01
6.321078653316700713e-01 7.983924493412536094e+02 7.983923972474686934e+02 9.999999347516563830e-01
6.500313420064435244e-01 7.535955333724155025e+02 7.535954718756006514e+02 9.999999183954626503e-01
6.684630405112715890e-01 7.109894529448041567e+02 7.109893803806262440e+02 9.999998979391639953e-01
6.874173715229024983e-01 6.705329447979776205e+02 6.705328592077753456e+02 9.999998723549633484e-01
7.069091543341478046e-01 6.322059364165320403e+02 6.322058354895443699e+02 9.999998403574186234e-01
7.269536284402298154e-01 5.959344494539161587e+02 5.959343304689643901e+02 9.999998003388596013e-01
7.475664654536622322e-01 5.616152169061587074e+02 5.616150766644434498e+02 9.999997502886122103e-01
7.687637813569702105e-01 5.291493801892763713e+02 5.291492149316784435e+02 9.999996876919748923e-01
7.905621491028491654e-01 4.984448599838316909e+02 4.984446652931997619e+02 9.999996094038727801e-01
8.129786115715897932e-01 4.694155929831042613e+02 4.694153636692863643e+02 9.999995114908381000e-01
8.360306948959247419e-01 4.419790647414085356e+02 4.419787947069534653e+02 9.999993890333804814e-01
8.597364221636888404e-01 4.160561049758121044e+02 4.160557870585290061e+02 9.999992358788171165e-01
8.841143275090347364e-01 3.915701496636450543e+02 3.915697754526394192e+02 9.999990443321433720e-01
9.091834706031908242e-01 3.684471763830844111e+02 3.684467360037502885e+02 9.999988047694151616e-01
9.349634515561169312e-01 3.466165556755153716e+02 3.466160375372189151e+02 9.999985051542173986e-01
9.614744262406969000e-01 3.260109767926927020e+02 3.260103672933050234e+02 9.999981304329269571e-01
9.887371220514402648e-01 3.065663133838427825e+02 3.065655965638640055e+02 9.999976617783902233e-01
1.016772854110039148e+00 2.882215384531710356e+02 2.882206955907908537e+02 9.999970756440178521e-01
1.045603541930419045e+00 2.709189001793392322e+02 2.709179093153468330e+02 9.999963425807806283e-01
1.075251726556338161e+00 2.546035257424998122e+02 2.546023611242780191e+02 9.999954257576818550e-01
1.105740588184930928e+00 2.392231085331000031e+02 2.392217399643416798e+02 9.999942791113838325e-01
1.137093964289947357e+00 2.247278104798731704e+02 2.247262025595931902e+02 9.999928450320565432e-01
1.169336368258900638e+00 2.110701677593436898e+02 2.110682789914508817e+02 9.999910514692206265e-01
1.202493008558662924e+00 1.982049984706079613e+02 1.982027802221539332e+02 9.999888083122466798e-01
1.236589808444500171e+00 1.860893114618059769e+02 1.860867067443633402e+02 9.999860028637745923e-01
1.271653426227974615e+00 1.746821533868945266e+02 1.746790954323505787e+02 9.999824941788003629e-01
1.307711276119517319e+00 1.639444998959580744e+02 1.639409104926666600e+02 9.999781059852956844e-01
1.344791549662020858e+00 1.538392908599632563e+02 1.538350784065195569e+02 9.999726178311135749e-01
1.382923237772167635e+00 1.443313549225084103e+02 1.443264121528141004e+02 9.999657540130697519e-01
1.422136153406757808e+00 1.353873247789930190e+02 1.353815261037316873e+02 9.999571697330544851e-01
1.462460954871715790e+00 1.269755554491772500e+02 1.269687538495693815e+02 9.999464337873238406e-01
1.503929169792054488e+00 1.190660454947962563e+02 1.190580688939115390e+02 9.999330069219014572e-01
1.546573219761493645e+00 1.116303611353128673e+02 1.116210081599173378e+02 9.999162147707809645e-01
1.590426445691023094e+00 1.046415672651859836e+02 1.046306022964106717e+02 9.998952140238159814e-01
1.635523133876240820e+00 9.807416281495824251e+01 9.806131020913238672e+01 9.998689501347046704e-01
1.681898542803800689e+00 9.190400166845297747e+01 9.188893901249139162e+01 9.998361044602178671e-01
1.729588930717993023e+00 8.610822611193077591e+01 8.609057635381618923e+01 9.997950281998418953e-01
1.778631583968956820e+00 8.066520507216205260e+01 8.064452734187406691e+01 9.997436598559503729e-01
1.829064846164730529e+00 7.555447481194900661e+01 7.553025371924815090e+01 9.996794221287204074e-01
1.880928148149875412e+00 7.075668202178117383e+01 7.072831518407193130e+01 9.995990931612578345e-01
1.934262038834181130e+00 6.625352924496226592e+01 6.622031276084176454e+01 9.994986458155656894e-01
1.989108216895500991e+00 6.202771802964526415e+01 6.198882957430000573e+01 9.993730471379477232e-01
2.045509563381547213e+00 5.806288044185085795e+01 5.801735962571662242e+01 9.992160083036213392e-01
2.103510175236073199e+00 5.434355325954160065e+01 5.429027880957170282e+01 9.990196730472249431e-01
2.163155399775733123e+00 5.085514093144780645e+01 5.079280421593104222e+01 9.987742298148225562e-01
2.224491870144515993e+00 4.758387041319499389e+01 4.751094477894891099e+01 9.984674295383534348e-01
2.287567541773495083e+00 4.451674809602351957e+01 4.443145342645259888e+01 9.980839869662775365e-01
2.352431729874417510e+00 4.164151875823560545e+01 4.154178060975614528e+01 9.976048388374466613e-01
2.419135147996382518e+00 3.894662646067406087e+01 3.883002909648842405e+01 9.970062268601525002e-01
2.487729947675843878e+00 3.642117762828209493e+01 3.628491025233947909e+01 9.962585675473382141e-01
2.558269759210864081e+00 3.405490889122842901e+01 3.389570439601178009e+01 9.953250647146010266e-01
2.630809733591557897e+00 3.183815105173076887e+01 3.165221670772324813e+01 9.941600143894846475e-01
2.705406585619421378e+00 2.976179427776317965e+01 2.954473398109585602e+01 9.927067469574741843e-01
2.782118638249370779e+00 2.781725779465897830e+01 2.756398581274352466e+01 9.908951491989234084e-01
2.861005868189075318e+00 2.599646111321789377e+01 2.570110783351654860e+01 9.886387120764228431e-01
2.942129952791260106e+00 2.429179667925751573e+01 2.394760773781582230e+01 9.858310628074871129e-01
3.025554318275681442e+00 2.269610388472789353e+01 2.229533535720674209e+01 9.823419680507001761e-01
3.111344189318371534e+00 2.120264421173003910e+01 2.073645844656425652e+01 9.780128478075450493e-01
3.199566640047060151e+00 1.980507231926967293e+01 1.926344179638032017e+01 9.726519290534292317e-01
3.290290646482531667e+00 1.849741433957519021e+01 1.786904440635259306e+01 9.660293097355665548e-01
3.383587140467005483e+00 1.727405453415006420e+01 1.654634034287823141e+01 9.578724155447597699e-01
3.479529065121594211e+00 1.612971527001572269e+01 1.528875434557955160e+01 9.478626305326373069e-01
3.578191431876324824e+00 1.505943758738015248e+01 1.409012598079625533e+01 9.356342757848949976e-01
3.679651379117225396e+00 1.405856281807649566e+01 1.294480947068432108e+01 9.207775814779508572e-01
3.783988232496347859e+00 1.312271520258535240e+01 1.184781431985972056e+01 9.028477824105747285e-01
3.891283566951929895e+00 1.224778546660048839e+01 1.079498771853053718e+01 8.813828220594076557e-01
4.001621270487063953e+00 1.142991811350308318e+01 9.783234084538014130e+00 8.559321236938951527e-01
4.115087609756895581e+00 1.066549941107338384e+01 8.810748984491418412e+00 8.260981173880819206e-01
4.231771297515503960e+00 9.951136552614663344e+00 7.877223133658519671e+00 7.915902964459650137e-01
4.351763561975300121e+00 9.283643874261098716e+00 6.983976331262819137e+00 7.522882637307849452e-01
4.475158218133022281e+00 8.660030861435663141e+00 6.133949576482703669e+00 7.083057410104673934e-01
4.602051741118282635e+00 8.077490799231192398e+00 5.331490491535450182e+00 6.600429049133546000e-01
4.732543341621867405e+00 7.533390035971179621e+00 4.581895657866975391e+00 6.082116598223222814e-01
4.866735043462818489e+00 7.025257830385339908e+00 3.890727794303364462e+00 5.538199292096238624e-01
5.004731763354983265e+00 6.550772869703649803e+00 3.262993674249029308e+00 4.981081987042917936e-01
5.146641392935250359e+00 6.107742011408567429e+00 2.702330162818181059e+00 4.424434034329766674e-01
5.292574883117810991e+00 5.694108589089091232e+00 2.210384089701340038e+00 3.881879059940695487e-01
5.442646330840222646e+00 5.307949389821501995e+00 1.786493316142660381e+00 3.365693952486493723e-01
5.596973068269237572e+00 4.947466001589375217e+00 1.427726030223617215e+00 2.885772291845885573e-01
5.755675754535959143e+00 4.610976724530774007e+00 1.129238330300121218e+00 2.449021970318090713e-01
5.918878470072262310e+00 4.296909009543460556e+00 8.848362965250174961e-01 2.059239082232811602e-01
6.086708813622084158e+00 4.003792389438516786e+00 6.876048246397625796e-01 1.717383814539371889e-01
6.259298002003473194e+00 3.730255398074377116e+00 5.304857481346636483e-01 1.422116427761245527e-01
6.436780972699462922e+00 3.475047754610665951e+00 4.067335636257663478e-01 1.170440213623296227e-01
6.619296489357793689e+00 3.237010497503130413e+00 3.102117351996125372e-01 9.583278628193961368e-02
6.806987250282217516e+00 3.015049990232756105e+00 2.355520528655505874e-01 7.812542200912775403e-02
7.000000000000000000e+00 2.808134874136989367e+00 1.782049991681748657e-01 6.346027066201431754e-02
